211 mAmyg_L 97 35 9 0
212 mAmyg_R 123 97 193 0
213 lAmyg_L 255 176 149 0
214 lAmyg_R 132 158 62 0
215 rHipp_L 26 18 62 0
216 rHipp_R 167 211 255 0
217 cHipp_L 97 255 79 0
218 cHipp_R 246 158 62 0
219 vCa_L 0 176 211 0
220 vCa_R 62 0 141 0
221 GP_L 220 114 141 0
222 GP_R 88 53 149 0
223 NAC_L 0 114 202 0
224 NAC_R 167 132 53 0
225 vmPu_L 70 26 53 0
226 vmPu_R 70 106 88 0
227 dCa_L 229 53 106 0
228 dCa_R 26 0 26 0
229 dlPu_L 158 0 26 0
230 dlPu_R 255 70 97 0
231 mPFtha_L 158 176 106 0
232 mPFtha_R 158 220 193 0
233 mPMtha_L 106 70 114 0
234 mPMtha_R 0 132 149 0
235 Stha_L 211 246 202 0
236 Stha_R 149 44 0 0
237 rTtha_L 246 229 202 0
238 rTtha_R 149 220 70 0
239 PPtha_L 79 123 167 0
240 PPtha_R 176 246 0 0
241 Otha_L 167 158 114 0
242 Otha_R 237 70 255 0
243 cTtha_L 167 62 202 0
244 cTtha_R 246 229 158 0
245 lPFtha_L 88 237 123 0
246 lPFtha_R 114 229 237 0
